1
 ESATAN-TMS  2024                                                      Page     1
 22 September 2025  19:45:41                               BARRA_DISSIPATION_CASE





  TIMEN =      0.00      MODULE SOLVFM      LOOPCT =     3
 ENBALA = 2.274E-12      ENBALR = 1.E-14


 TABLE OUTPUT WITH ZENTS = 'FX,T,QI'
 FOR NODES OF ZLABEL = ' '

 ================================================================================


+BARRA_DISSIPATION_CASE                                                          


          NODE          FX            T             QI                          

            1          0.03          2.57          0.50
            2          0.07          7.69          0.50
            3          0.12         12.81          0.50
            4          0.17         17.90          0.50
            5          0.23         22.99          0.50
            6          0.28         28.06          0.50
            7          0.33         33.11          0.50
            8          0.38         38.15          0.50
            9          0.42         43.18          0.50
           10          0.47         48.19          0.50
           11          0.53         53.19          0.50
           12          0.57         58.18          0.50
           13          0.62         63.15          0.50
           14          0.68         68.11          0.50
           15          0.72         73.06          0.50
           16          0.78         77.99          0.50
           17          0.82         82.90          0.50
           18          0.88         87.81          0.50
           19          0.93         92.69          0.50
           20          0.97         97.57          0.50
          100         -0.05          0.00          0.00
          200          1.05        100.00          0.00
 X      99998          0.00          0.00          0.00
        99999          0.00       -270.00          0.00

